crossing time (s)	slope (V/s)	crossing number
281474976710655.000000	5.422784	977	0.000000
281474976710655.000000	5.692842	978	0.000000
281474976710655.000000	5.244368	979	0.000000
281474976710655.000000	5.964742	980	0.000000
281474976710655.000000	5.142714	981	0.000000
281474976710655.000000	5.494926	982	0.000000
281474976710655.000000	5.751397	983	0.000000
281474976710655.000000	5.118526	984	0.000000
281474976710655.000000	5.996096	985	0.000000
281474976710655.000000	5.091031	986	0.000000
281474976710655.000000	5.421046	987	0.000000
281474976710655.000000	5.922803	988	0.000000
281474976710655.000000	5.031556	989	0.000000
281474976710655.000000	5.253574	990	0.000000
281474976710655.000000	6.036455	991	0.000000
281474976710655.000000	4.942475	992	0.000000
281474976710655.000000	5.666837	993	0.000000
281474976710655.000000	5.816736	994	0.000000
281474976710655.000000	5.145432	995	0.000000
281474976710655.000000	5.662319	996	0.000000
281474976710655.000000	5.841506	997	0.000000
281474976710655.000000	4.826103	998	0.000000
281474976710655.000000	5.757901	999	0.000000
281474976710655.000000	5.728336	1000	0.000000
281474976710655.000000	5.070904	1001	0.000000
281474976710655.000000	5.853013	1002	0.000000
281474976710655.000000	5.467270	1003	0.000000
281474976710655.000000	5.035897	1004	0.000000
281474976710655.000000	6.015010	1005	0.000000
281474976710655.000000	4.977311	1006	0.000000
281474976710655.000000	5.613507	1007	0.000000
281474976710655.000000	5.686601	1008	0.000000
281474976710655.000000	5.237619	1009	0.000000
281474976710655.000000	5.860699	1010	0.000000
281474976710655.000000	5.146685	1011	0.000000
281474976710655.000000	5.719684	1012	0.000000
281474976710655.000000	5.344883	1013	0.000000
281474976710655.000000	5.585559	1014	0.000000
281474976710655.000000	5.541543	1015	0.000000
281474976710655.000000	5.344036	1016	0.000000
281474976710655.000000	5.616182	1017	0.000000
281474976710655.000000	5.417721	1018	0.000000
281474976710655.000000	5.570519	1019	0.000000
281474976710655.000000	5.479451	1020	0.000000
281474976710655.000000	5.473502	1021	0.000000
281474976710655.000000	5.488218	1022	0.000000
281474976710655.000000	5.465058	1023	0.000000
281474976710655.000000	5.615724	1024	0.000000
281474976710655.000000	5.311676	1025	0.000000
281474976710655.000000	5.717744	1026	0.000000
281474976710655.000000	5.286710	1027	0.000000
281474976710655.000000	5.605914	1028	0.000000
281474976710655.000000	5.446759	1029	0.000000
281474976710655.000000	5.336928	1030	0.000000
281474976710655.000000	5.654165	1031	0.000000
281474976710655.000000	5.112076	1032	0.000000
281474976710655.000000	5.663064	1033	0.000000
281474976710655.000000	5.380806	1034	0.000000
281474976710655.000000	5.333013	1035	0.000000
281474976710655.000000	5.556830	1036	0.000000
281474976710655.000000	5.295576	1037	0.000000
281474976710655.000000	5.419264	1038	0.000000
281474976710655.000000	5.551686	1039	0.000000
281474976710655.000000	5.115712	1040	0.000000
281474976710655.000000	5.586866	1041	0.000000
281474976710655.000000	5.382748	1042	0.000000
281474976710655.000000	5.356454	1043	0.000000
281474976710655.000000	5.534323	1044	0.000000
281474976710655.000000	5.289165	1045	0.000000
281474976710655.000000	5.493608	1046	0.000000
281474976710655.000000	5.559194	1047	0.000000
281474976710655.000000	5.101724	1048	0.000000
281474976710655.000000	5.578722	1049	0.000000
281474976710655.000000	5.146343	1050	0.000000
281474976710655.000000	5.507930	1051	0.000000
281474976710655.000000	5.344705	1052	0.000000
281474976710655.000000	5.333646	1053	0.000000
281474976710655.000000	5.533129	1054	0.000000
281474976710655.000000	5.190767	1055	0.000000
281474976710655.000000	5.568471	1056	0.000000
281474976710655.000000	5.195507	1057	0.000000
281474976710655.000000	5.593261	1058	0.000000
281474976710655.000000	5.170962	1059	0.000000
281474976710655.000000	5.517861	1060	0.000000
281474976710655.000000	5.217626	1061	0.000000
281474976710655.000000	5.519442	1062	0.000000
281474976710655.000000	5.210949	1063	0.000000
281474976710655.000000	5.557817	1064	0.000000
281474976710655.000000	5.139891	1065	0.000000
281474976710655.000000	5.591789	1066	0.000000
281474976710655.000000	5.086508	1067	0.000000
281474976710655.000000	5.606129	1068	0.000000
281474976710655.000000	5.109081	1069	0.000000
281474976710655.000000	5.581357	1070	0.000000
281474976710655.000000	5.197915	1071	0.000000
281474976710655.000000	5.412748	1072	0.000000
281474976710655.000000	5.420856	1073	0.000000
281474976710655.000000	5.113659	1074	0.000000
281474976710655.000000	5.676517	1075	0.000000
281474976710655.000000	4.969126	1076	0.000000
281474976710655.000000	5.640293	1077	0.000000
281474976710655.000000	5.184058	1078	0.000000
281474976710655.000000	5.308543	1079	0.000000
281474976710655.000000	5.580383	1080	0.000000
281474976710655.000000	5.056193	1081	0.000000
281474976710655.000000	5.579948	1082	0.000000
281474976710655.000000	5.240998	1083	0.000000
281474976710655.000000	5.218797	1084	0.000000
281474976710655.000000	5.587934	1085	0.000000
281474976710655.000000	4.942834	1086	0.000000
281474976710655.000000	5.594122	1087	0.000000
281474976710655.000000	5.139266	1088	0.000000
281474976710655.000000	5.249090	1089	0.000000
281474976710655.000000	5.514175	1090	0.000000
281474976710655.000000	5.057400	1091	0.000000
281474976710655.000000	5.564289	1092	0.000000
281474976710655.000000	5.055133	1093	0.000000
281474976710655.000000	5.432608	1094	0.000000
281474976710655.000000	5.256301	1095	0.000000
281474976710655.000000	5.153082	1096	0.000000
281474976710655.000000	5.458805	1097	0.000000
281474976710655.000000	4.991631	1098	0.000000
281474976710655.000000	5.519208	1099	0.000000
281474976710655.000000	4.935098	1100	0.000000
281474976710655.000000	5.533273	1101	0.000000
281474976710655.000000	4.997419	1102	0.000000
281474976710655.000000	5.492409	1103	0.000000
281474976710655.000000	5.063492	1104	0.000000
281474976710655.000000	5.479728	1105	0.000000
281474976710655.000000	5.085424	1106	0.000000
281474976710655.000000	5.439486	1107	0.000000
281474976710655.000000	5.023245	1108	0.000000
281474976710655.000000	5.419539	1109	0.000000
281474976710655.000000	5.035274	1110	0.000000
281474976710655.000000	5.425802	1111	0.000000
281474976710655.000000	4.987226	1112	0.000000
281474976710655.000000	5.383796	1113	0.000000
281474976710655.000000	5.124439	1114	0.000000
281474976710655.000000	5.336661	1115	0.000000
281474976710655.000000	5.213097	1116	0.000000
281474976710655.000000	5.251194	1117	0.000000
281474976710655.000000	5.218945	1118	0.000000
281474976710655.000000	5.122754	1119	0.000000
281474976710655.000000	5.332636	1120	0.000000
281474976710655.000000	5.076187	1121	0.000000
281474976710655.000000	5.302095	1122	0.000000
281474976710655.000000	5.138642	1123	0.000000
281474976710655.000000	5.194376	1124	0.000000
281474976710655.000000	5.256864	1125	0.000000
281474976710655.000000	5.041003	1126	0.000000
281474976710655.000000	5.309430	1127	0.000000
281474976710655.000000	5.039443	1128	0.000000
281474976710655.000000	5.265484	1129	0.000000
281474976710655.000000	5.128405	1130	0.000000
281474976710655.000000	5.155283	1131	0.000000
281474976710655.000000	5.181833	1132	0.000000
281474976710655.000000	5.057531	1133	0.000000
281474976710655.000000	5.271411	1134	0.000000
281474976710655.000000	5.074846	1135	0.000000
281474976710655.000000	5.246437	1136	0.000000
281474976710655.000000	5.133173	1137	0.000000
281474976710655.000000	5.143533	1138	0.000000
281474976710655.000000	5.180003	1139	0.000000
281474976710655.000000	5.021479	1140	0.000000
281474976710655.000000	5.238046	1141	0.000000
281474976710655.000000	4.947908	1142	0.000000
281474976710655.000000	5.247929	1143	0.000000
281474976710655.000000	4.905729	1144	0.000000
281474976710655.000000	5.286045	1145	0.000000
281474976710655.000000	4.942275	1146	0.000000
281474976710655.000000	5.229599	1147	0.000000
281474976710655.000000	4.933145	1148	0.000000
281474976710655.000000	5.308667	1149	0.000000
281474976710655.000000	4.912615	1150	0.000000
281474976710655.000000	5.299839	1151	0.000000
281474976710655.000000	4.882044	1152	0.000000
281474976710655.000000	5.332948	1153	0.000000
281474976710655.000000	4.860237	1154	0.000000
281474976710655.000000	5.264965	1155	0.000000
281474976710655.000000	4.892533	1156	0.000000
281474976710655.000000	5.171861	1157	0.000000
281474976710655.000000	5.050579	1158	0.000000
281474976710655.000000	5.050363	1159	0.000000
281474976710655.000000	5.204847	1160	0.000000
281474976710655.000000	4.937153	1161	0.000000
281474976710655.000000	5.243035	1162	0.000000
281474976710655.000000	4.899892	1163	0.000000
281474976710655.000000	5.239221	1164	0.000000
281474976710655.000000	4.957510	1165	0.000000
281474976710655.000000	5.128745	1166	0.000000
281474976710655.000000	5.048056	1167	0.000000
281474976710655.000000	4.969001	1168	0.000000
281474976710655.000000	5.203266	1169	0.000000
281474976710655.000000	4.844573	1170	0.000000
281474976710655.000000	5.221555	1171	0.000000
281474976710655.000000	4.786532	1172	0.000000
281474976710655.000000	5.137343	1173	0.000000
281474976710655.000000	4.972381	1174	0.000000
281474976710655.000000	5.039133	1175	0.000000
281474976710655.000000	5.096117	1176	0.000000
281474976710655.000000	4.945845	1177	0.000000
281474976710655.000000	5.193901	1178	0.000000
281474976710655.000000	4.921539	1179	0.000000
281474976710655.000000	5.158689	1180	0.000000
281474976710655.000000	4.889398	1181	0.000000
281474976710655.000000	5.178643	1182	0.000000
281474976710655.000000	4.923165	1183	0.000000
281474976710655.000000	5.161551	1184	0.000000
281474976710655.000000	4.889847	1185	0.000000
281474976710655.000000	5.125581	1186	0.000000
281474976710655.000000	4.896701	1187	0.000000
281474976710655.000000	5.116230	1188	0.000000
281474976710655.000000	4.897133	1189	0.000000
281474976710655.000000	5.100629	1190	0.000000
281474976710655.000000	4.874289	1191	0.000000
281474976710655.000000	5.072886	1192	0.000000
281474976710655.000000	4.917179	1193	0.000000
281474976710655.000000	5.035834	1194	0.000000
281474976710655.000000	4.936545	1195	0.000000
281474976710655.000000	5.027678	1196	0.000000
281474976710655.000000	4.959669	1197	0.000000
281474976710655.000000	4.942050	1198	0.000000
281474976710655.000000	5.000978	1199	0.000000
281474976710655.000000	4.862912	1200	0.000000
281474976710655.000000	5.001864	1201	0.000000
281474976710655.000000	4.860204	1202	0.000000
281474976710655.000000	5.001384	1203	0.000000
281474976710655.000000	4.850364	1204	0.000000
281474976710655.000000	4.947093	1205	0.000000
281474976710655.000000	4.890914	1206	0.000000
281474976710655.000000	4.917592	1207	0.000000
281474976710655.000000	4.921003	1208	0.000000
281474976710655.000000	4.876277	1209	0.000000
281474976710655.000000	4.949725	1210	0.000000
281474976710655.000000	4.874434	1211	0.000000
281474976710655.000000	4.955187	1212	0.000000
281474976710655.000000	4.805368	1213	0.000000
281474976710655.000000	4.955199	1214	0.000000
281474976710655.000000	4.848438	1215	0.000000
281474976710655.000000	4.954473	1216	0.000000
281474976710655.000000	4.875105	1217	0.000000
281474976710655.000000	4.895101	1218	0.000000
281474976710655.000000	4.868066	1219	0.000000
281474976710655.000000	4.867772	1220	0.000000
281474976710655.000000	4.897740	1221	0.000000
281474976710655.000000	4.814440	1222	0.000000
281474976710655.000000	4.904554	1223	0.000000
281474976710655.000000	4.795824	1224	0.000000
281474976710655.000000	4.920471	1225	0.000000
281474976710655.000000	4.764722	1226	0.000000
281474976710655.000000	4.910622	1227	0.000000
281474976710655.000000	4.749618	1228	0.000000
281474976710655.000000	4.914855	1229	0.000000
281474976710655.000000	4.745086	1230	0.000000
281474976710655.000000	4.881909	1231	0.000000
281474976710655.000000	4.743575	1232	0.000000
281474976710655.000000	4.870262	1233	0.000000
281474976710655.000000	4.774945	1234	0.000000
281474976710655.000000	4.837432	1235	0.000000
281474976710655.000000	4.775432	1236	0.000000
281474976710655.000000	4.793783	1237	0.000000
281474976710655.000000	4.831140	1238	0.000000
281474976710655.000000	4.741397	1239	0.000000
281474976710655.000000	4.876339	1240	0.000000
281474976710655.000000	4.699110	1241	0.000000
281474976710655.000000	4.889944	1242	0.000000
281474976710655.000000	4.686049	1243	0.000000
281474976710655.000000	4.907107	1244	0.000000
281474976710655.000000	4.676493	1245	0.000000
281474976710655.000000	4.865396	1246	0.000000
281474976710655.000000	4.687357	1247	0.000000
281474976710655.000000	4.848268	1248	0.000000
281474976710655.000000	4.692757	1249	0.000000
281474976710655.000000	4.751184	1250	0.000000
281474976710655.000000	4.736418	1251	0.000000
281474976710655.000000	4.706058	1252	0.000000
281474976710655.000000	4.817605	1253	0.000000
281474976710655.000000	4.628802	1254	0.000000
281474976710655.000000	4.859047	1255	0.000000
281474976710655.000000	4.600184	1256	0.000000
281474976710655.000000	4.827879	1257	0.000000
281474976710655.000000	4.599467	1258	0.000000
281474976710655.000000	4.805780	1259	0.000000
281474976710655.000000	4.667533	1260	0.000000
281474976710655.000000	4.720973	1261	0.000000
281474976710655.000000	4.728816	1262	0.000000
281474976710655.000000	4.684566	1263	0.000000
281474976710655.000000	4.744373	1264	0.000000
281474976710655.000000	4.661972	1265	0.000000
281474976710655.000000	4.728415	1266	0.000000
281474976710655.000000	4.645809	1267	0.000000
281474976710655.000000	4.727832	1268	0.000000
281474976710655.000000	4.651465	1269	0.000000
281474976710655.000000	4.729127	1270	0.000000
