crossing time (s)	slope (V/s)	crossing number
281474976710655.000000	5.083943	4486	0.000000
281474976710655.000000	4.896928	4487	0.000000
281474976710655.000000	5.531272	4488	0.000000
281474976710655.000000	4.150704	4489	0.000000
281474976710655.000000	4.954820	4490	0.000000
281474976710655.000000	4.112833	4491	0.000000
281474976710655.000000	5.310986	4492	0.000000
281474976710655.000000	4.819355	4493	0.000000
281474976710655.000000	4.771530	4494	0.000000
281474976710655.000000	4.784552	4495	0.000000
281474976710655.000000	5.070055	4496	0.000000
281474976710655.000000	4.367468	4497	0.000000
281474976710655.000000	5.127208	4498	0.000000
281474976710655.000000	5.300011	4499	0.000000
281474976710655.000000	4.694571	4500	0.000000
281474976710655.000000	4.607625	4501	0.000000
281474976710655.000000	5.006602	4502	0.000000
281474976710655.000000	4.172772	4503	0.000000
281474976710655.000000	4.717948	4504	0.000000
281474976710655.000000	5.160950	4505	0.000000
281474976710655.000000	4.998698	4506	0.000000
281474976710655.000000	4.378562	4507	0.000000
281474976710655.000000	4.881416	4508	0.000000
281474976710655.000000	4.208686	4509	0.000000
281474976710655.000000	4.928197	4510	0.000000
281474976710655.000000	4.478048	4511	0.000000
281474976710655.000000	5.252133	4512	0.000000
281474976710655.000000	4.072414	4513	0.000000
281474976710655.000000	5.095582	4514	0.000000
281474976710655.000000	4.626606	4515	0.000000
281474976710655.000000	4.950744	4516	0.000000
281474976710655.000000	3.935521	4517	0.000000
281474976710655.000000	5.222600	4518	0.000000
281474976710655.000000	4.201953	4519	0.000000
281474976710655.000000	5.046592	4520	0.000000
281474976710655.000000	4.520965	4521	0.000000
281474976710655.000000	4.795697	4522	0.000000
281474976710655.000000	4.194564	4523	0.000000
281474976710655.000000	5.178733	4524	0.000000
281474976710655.000000	4.398476	4525	0.000000
281474976710655.000000	4.991012	4526	0.000000
281474976710655.000000	4.396445	4527	0.000000
281474976710655.000000	4.933559	4528	0.000000
281474976710655.000000	3.916975	4529	0.000000
281474976710655.000000	5.308774	4530	0.000000
281474976710655.000000	4.264024	4531	0.000000
281474976710655.000000	5.028569	4532	0.000000
281474976710655.000000	3.990582	4533	0.000000
281474976710655.000000	5.218335	4534	0.000000
281474976710655.000000	4.086224	4535	0.000000
281474976710655.000000	5.059586	4536	0.000000
281474976710655.000000	4.131754	4537	0.000000
281474976710655.000000	4.838731	4538	0.000000
281474976710655.000000	4.325874	4539	0.000000
281474976710655.000000	5.072453	4540	0.000000
281474976710655.000000	4.306672	4541	0.000000
281474976710655.000000	4.676422	4542	0.000000
281474976710655.000000	4.514563	4543	0.000000
281474976710655.000000	4.566417	4544	0.000000
281474976710655.000000	4.485040	4545	0.000000
281474976710655.000000	4.765439	4546	0.000000
281474976710655.000000	4.633770	4547	0.000000
281474976710655.000000	4.387965	4548	0.000000
281474976710655.000000	4.440713	4549	0.000000
281474976710655.000000	4.628758	4550	0.000000
281474976710655.000000	4.353775	4551	0.000000
281474976710655.000000	4.651561	4552	0.000000
281474976710655.000000	4.459831	4553	0.000000
281474976710655.000000	4.578484	4554	0.000000
281474976710655.000000	4.257741	4555	0.000000
281474976710655.000000	4.786180	4556	0.000000
281474976710655.000000	4.224419	4557	0.000000
281474976710655.000000	4.787176	4558	0.000000
281474976710655.000000	4.143822	4559	0.000000
281474976710655.000000	4.832002	4560	0.000000
281474976710655.000000	4.136420	4561	0.000000
281474976710655.000000	4.856109	4562	0.000000
281474976710655.000000	3.916065	4563	0.000000
281474976710655.000000	4.998037	4564	0.000000
281474976710655.000000	4.153516	4565	0.000000
281474976710655.000000	4.803988	4566	0.000000
281474976710655.000000	4.309636	4567	0.000000
281474976710655.000000	4.869288	4568	0.000000
281474976710655.000000	4.252079	4569	0.000000
281474976710655.000000	4.838894	4570	0.000000
281474976710655.000000	4.025269	4571	0.000000
281474976710655.000000	4.829748	4572	0.000000
281474976710655.000000	4.385489	4573	0.000000
281474976710655.000000	4.956561	4574	0.000000
281474976710655.000000	3.949618	4575	0.000000
281474976710655.000000	5.030292	4576	0.000000
281474976710655.000000	3.853689	4577	0.000000
281474976710655.000000	5.003311	4578	0.000000
281474976710655.000000	3.916378	4579	0.000000
281474976710655.000000	4.928476	4580	0.000000
281474976710655.000000	4.037580	4581	0.000000
281474976710655.000000	4.874516	4582	0.000000
281474976710655.000000	3.964838	4583	0.000000
281474976710655.000000	4.850876	4584	0.000000
281474976710655.000000	4.055094	4585	0.000000
281474976710655.000000	4.758431	4586	0.000000
281474976710655.000000	4.180490	4587	0.000000
281474976710655.000000	4.635084	4588	0.000000
281474976710655.000000	4.166369	4589	0.000000
281474976710655.000000	4.531567	4590	0.000000
281474976710655.000000	4.304612	4591	0.000000
281474976710655.000000	4.465306	4592	0.000000
281474976710655.000000	4.330391	4593	0.000000
281474976710655.000000	4.473734	4594	0.000000
281474976710655.000000	4.359146	4595	0.000000
281474976710655.000000	4.353787	4596	0.000000
281474976710655.000000	5.540660	4597	0.000000
281474976710655.000000	4.407465	4598	0.000000
281474976710655.000000	4.224793	4599	0.000000
281474976710655.000000	4.454237	4600	0.000000
281474976710655.000000	4.224416	4601	0.000000
281474976710655.000000	4.508384	4602	0.000000
281474976710655.000000	4.212322	4603	0.000000
281474976710655.000000	4.610368	4604	0.000000
281474976710655.000000	4.121350	4605	0.000000
281474976710655.000000	4.622185	4606	0.000000
281474976710655.000000	4.249902	4607	0.000000
281474976710655.000000	4.577410	4608	0.000000
281474976710655.000000	4.077287	4609	0.000000
281474976710655.000000	4.720885	4610	0.000000
281474976710655.000000	4.042691	4611	0.000000
281474976710655.000000	4.704112	4612	0.000000
281474976710655.000000	3.948475	4613	0.000000
281474976710655.000000	4.666487	4614	0.000000
281474976710655.000000	3.955941	4615	0.000000
281474976710655.000000	4.620638	4616	0.000000
281474976710655.000000	4.110673	4617	0.000000
281474976710655.000000	4.724389	4618	0.000000
281474976710655.000000	3.954073	4619	0.000000
281474976710655.000000	4.784321	4620	0.000000
281474976710655.000000	3.712090	4621	0.000000
281474976710655.000000	4.656891	4622	0.000000
281474976710655.000000	3.994130	4623	0.000000
281474976710655.000000	4.736987	4624	0.000000
281474976710655.000000	3.751635	4625	0.000000
281474976710655.000000	4.695450	4626	0.000000
281474976710655.000000	3.819236	4627	0.000000
281474976710655.000000	4.705743	4628	0.000000
281474976710655.000000	3.762460	4629	0.000000
281474976710655.000000	4.657002	4630	0.000000
281474976710655.000000	3.973050	4631	0.000000
281474976710655.000000	4.610630	4632	0.000000
281474976710655.000000	3.945181	4633	0.000000
281474976710655.000000	4.581683	4634	0.000000
281474976710655.000000	4.020966	4635	0.000000
281474976710655.000000	4.460117	4636	0.000000
281474976710655.000000	4.030934	4637	0.000000
281474976710655.000000	4.359195	4638	0.000000
281474976710655.000000	4.126607	4639	0.000000
281474976710655.000000	4.349103	4640	0.000000
281474976710655.000000	4.136933	4641	0.000000
281474976710655.000000	4.305512	4642	0.000000
281474976710655.000000	4.202935	4643	0.000000
281474976710655.000000	4.299248	4644	0.000000
281474976710655.000000	4.169515	4645	0.000000
281474976710655.000000	4.296340	4646	0.000000
281474976710655.000000	4.148846	4647	0.000000
281474976710655.000000	4.346417	4648	0.000000
281474976710655.000000	4.115486	4649	0.000000
281474976710655.000000	4.465796	4650	0.000000
281474976710655.000000	4.003417	4651	0.000000
281474976710655.000000	4.479112	4652	0.000000
281474976710655.000000	4.050450	4653	0.000000
281474976710655.000000	4.421630	4654	0.000000
281474976710655.000000	3.919924	4655	0.000000
281474976710655.000000	4.554494	4656	0.000000
281474976710655.000000	3.918827	4657	0.000000
281474976710655.000000	4.579162	4658	0.000000
281474976710655.000000	3.862269	4659	0.000000
281474976710655.000000	4.522673	4660	0.000000
281474976710655.000000	3.928866	4661	0.000000
281474976710655.000000	4.564144	4662	0.000000
281474976710655.000000	3.850935	4663	0.000000
281474976710655.000000	4.548491	4664	0.000000
281474976710655.000000	4.069802	4665	0.000000
281474976710655.000000	4.614208	4666	0.000000
281474976710655.000000	3.724623	4667	0.000000
281474976710655.000000	4.503461	4668	0.000000
281474976710655.000000	3.777527	4669	0.000000
281474976710655.000000	4.528558	4670	0.000000
281474976710655.000000	3.990396	4671	0.000000
281474976710655.000000	4.571779	4672	0.000000
281474976710655.000000	3.847502	4673	0.000000
281474976710655.000000	4.670282	4674	0.000000
281474976710655.000000	3.831706	4675	0.000000
281474976710655.000000	4.587184	4676	0.000000
281474976710655.000000	3.866202	4677	0.000000
281474976710655.000000	4.551415	4678	0.000000
281474976710655.000000	3.904630	4679	0.000000
281474976710655.000000	4.490759	4680	0.000000
281474976710655.000000	3.952562	4681	0.000000
281474976710655.000000	4.379090	4682	0.000000
281474976710655.000000	4.021977	4683	0.000000
281474976710655.000000	4.304025	4684	0.000000
281474976710655.000000	4.073987	4685	0.000000
281474976710655.000000	4.307547	4686	0.000000
281474976710655.000000	4.103381	4687	0.000000
281474976710655.000000	4.239769	4688	0.000000
281474976710655.000000	4.110639	4689	0.000000
281474976710655.000000	4.222206	4690	0.000000
281474976710655.000000	4.091886	4691	0.000000
281474976710655.000000	4.232102	4692	0.000000
281474976710655.000000	4.099996	4693	0.000000
281474976710655.000000	4.268874	4694	0.000000
281474976710655.000000	4.101626	4695	0.000000
281474976710655.000000	4.256273	4696	0.000000
281474976710655.000000	3.830304	4697	0.000000
281474976710655.000000	4.267715	4698	0.000000
281474976710655.000000	3.983527	4699	0.000000
281474976710655.000000	4.368037	4700	0.000000
281474976710655.000000	4.029411	4701	0.000000
281474976710655.000000	4.456910	4702	0.000000
281474976710655.000000	3.905766	4703	0.000000
281474976710655.000000	4.425615	4704	0.000000
281474976710655.000000	3.807198	4705	0.000000
281474976710655.000000	4.456800	4706	0.000000
281474976710655.000000	3.855006	4707	0.000000
281474976710655.000000	4.439411	4708	0.000000
281474976710655.000000	3.941264	4709	0.000000
281474976710655.000000	4.464097	4710	0.000000
281474976710655.000000	3.872938	4711	0.000000
281474976710655.000000	4.487283	4712	0.000000
281474976710655.000000	3.853251	4713	0.000000
281474976710655.000000	4.501952	4714	0.000000
281474976710655.000000	3.689727	4715	0.000000
281474976710655.000000	4.437303	4716	0.000000
281474976710655.000000	3.832851	4717	0.000000
281474976710655.000000	4.468995	4718	0.000000
281474976710655.000000	3.822635	4719	0.000000
281474976710655.000000	4.502098	4720	0.000000
281474976710655.000000	3.814456	4721	0.000000
281474976710655.000000	4.493371	4722	0.000000
281474976710655.000000	3.804632	4723	0.000000
281474976710655.000000	4.449052	4724	0.000000
281474976710655.000000	3.842419	4725	0.000000
281474976710655.000000	4.443754	4726	0.000000
281474976710655.000000	3.864195	4727	0.000000
281474976710655.000000	4.316926	4728	0.000000
281474976710655.000000	3.913573	4729	0.000000
281474976710655.000000	4.254544	4730	0.000000
281474976710655.000000	3.946165	4731	0.000000
281474976710655.000000	4.194495	4732	0.000000
281474976710655.000000	4.002612	4733	0.000000
281474976710655.000000	4.152750	4734	0.000000
281474976710655.000000	4.021277	4735	0.000000
281474976710655.000000	4.151059	4736	0.000000
281474976710655.000000	4.038830	4737	0.000000
281474976710655.000000	4.113712	4738	0.000000
281474976710655.000000	4.011767	4739	0.000000
281474976710655.000000	4.125934	4740	0.000000
281474976710655.000000	3.993715	4741	0.000000
281474976710655.000000	4.155700	4742	0.000000
281474976710655.000000	3.968820	4743	0.000000
281474976710655.000000	4.184431	4744	0.000000
281474976710655.000000	3.915475	4745	0.000000
281474976710655.000000	4.259338	4746	0.000000
281474976710655.000000	3.880693	4747	0.000000
281474976710655.000000	4.254801	4748	0.000000
281474976710655.000000	3.864204	4749	0.000000
281474976710655.000000	4.331614	4750	0.000000
281474976710655.000000	3.839440	4751	0.000000
281474976710655.000000	4.333189	4752	0.000000
281474976710655.000000	3.822815	4753	0.000000
281474976710655.000000	4.344455	4754	0.000000
281474976710655.000000	3.824240	4755	0.000000
281474976710655.000000	4.331541	4756	0.000000
281474976710655.000000	3.812532	4757	0.000000
281474976710655.000000	4.322789	4758	0.000000
281474976710655.000000	3.812480	4759	0.000000
281474976710655.000000	4.346697	4760	0.000000
281474976710655.000000	3.808727	4761	0.000000
281474976710655.000000	4.351198	4762	0.000000
281474976710655.000000	3.786882	4763	0.000000
281474976710655.000000	4.351405	4764	0.000000
281474976710655.000000	3.770666	4765	0.000000
281474976710655.000000	4.354914	4766	0.000000
281474976710655.000000	3.779753	4767	0.000000
281474976710655.000000	4.335030	4768	0.000000
281474976710655.000000	3.710797	4769	0.000000
281474976710655.000000	4.326746	4770	0.000000
281474976710655.000000	3.701450	4771	0.000000
281474976710655.000000	4.292942	4772	0.000000
281474976710655.000000	3.797059	4773	0.000000
281474976710655.000000	4.215716	4774	0.000000
281474976710655.000000	3.788940	4775	0.000000
281474976710655.000000	4.139074	4776	0.000000
281474976710655.000000	3.885342	4777	0.000000
281474976710655.000000	4.077675	4778	0.000000
