num crossings	time (s)	maj axis (mm)	min axis (mm)	theta (rad )	slope (V/s)
5265	6055.659578	44.196064	-12.819102	3.864115	8.577026
5267	6057.734021	43.699644	-12.866693	3.854184	7.552075
5271	6061.895624	43.297012	-12.876716	3.857950	8.307624
5273	6063.985710	43.386814	-12.856578	3.860060	7.701872
5275	6066.067754	43.495850	-12.853821	3.864788	10.182153
5277	6068.146994	43.178861	-12.949928	3.867742	7.524190
5279	6070.237457	43.238059	-12.917570	3.869483	8.643773
5281	6072.320869	42.715793	-12.942384	3.870518	9.928498
5283	6074.426705	42.498653	-12.948983	3.858478	8.156243
5285	6076.523234	42.579653	-12.949989	3.835977	10.060071
5287	6078.609855	43.380374	-12.868515	3.827642	8.548382
5289	6080.669589	43.853479	-12.905628	3.854661	9.126104
5291	6082.737563	43.135990	-13.007553	3.884120	7.448575
5293	6084.827969	41.984814	-13.230672	3.869498	9.579949
5295	6086.940433	41.891616	-13.128494	3.831809	8.639460
5299	6091.092495	43.585867	-13.008477	3.848471	6.470920
5301	6093.153590	42.870494	-13.261357	3.867896	8.368012
5303	6095.242640	42.116362	-13.263610	3.865628	8.330363
5305	6097.340534	41.697706	-13.276577	3.847824	9.575868
5307	6099.442230	41.805661	-13.226795	3.835449	8.734991
5309	6101.532546	42.027979	-13.162212	3.829208	8.390721
5313	6105.699392	42.125096	-13.268083	3.834489	7.681380
5315	6107.779644	42.252430	-13.302582	3.837645	7.953416
5317	6109.865140	41.949142	-13.357392	3.838785	6.980332
5319	6111.950027	41.898068	-13.352396	3.843646	7.541618
5321	6114.036720	41.800262	-13.383900	3.848359	8.154256
5323	6116.119252	42.025390	-13.459332	3.850642	7.483628
5327	6120.264690	42.199680	-13.564771	3.834598	8.900174
5329	6122.334050	41.968574	-13.664671	3.817895	9.027758
5331	6124.413967	41.506852	-13.562304	3.811203	7.569800
5333	6126.506005	40.947322	-13.362411	3.820074	8.217230
5337	6130.703990	41.451407	-13.681801	3.854499	7.718816
5339	6132.776647	42.023266	-13.804932	3.839096	7.760258
5341	6134.841110	41.918633	-13.786929	3.812665	7.884077
5343	6136.916314	41.202529	-13.724378	3.802472	7.772268
5345	6139.006345	40.704203	-13.573815	3.807578	7.960042
5347	6141.103051	40.612999	-13.539188	3.820776	7.520819
5351	6145.296435	40.868730	-13.728288	3.829836	7.629891
5353	6147.376152	40.989599	-13.785370	3.827341	7.085356
5355	6149.459379	40.868661	-13.791958	3.821146	7.791605
5357	6151.543263	40.679591	-13.767741	3.817944	7.753159
5359	6153.628016	40.533233	-13.783166	3.809373	7.630846
5361	6155.714297	40.511247	-13.791422	3.805661	7.751780
5363	6157.798622	40.592046	-13.817982	3.796887	7.187922
5365	6159.872483	40.951699	-13.845081	3.797535	7.063590
5369	6164.008569	40.847800	-13.929394	3.823823	6.751380
5371	6166.086907	40.381788	-13.947519	3.831027	6.967576
5373	6168.174896	39.824409	-13.979899	3.822946	7.846477
5375	6170.277995	39.593692	-13.979852	3.806563	7.776493
5377	6172.380753	39.637575	-13.938387	3.783843	7.826620
5379	6174.469241	40.292644	-13.917875	3.778558	7.247595
5381	6176.538302	40.639681	-13.995662	3.790128	6.319033
5383	6178.602014	40.589178	-14.111220	3.808518	5.993268
5385	6180.674665	40.316218	-14.173750	3.815766	6.593324
5387	6182.755075	39.909553	-14.187287	3.814084	6.786758
5391	6186.929348	39.599045	-14.169314	3.801839	7.353577
5393	6189.018934	39.604789	-14.200632	3.798768	7.396341
5395	6191.103568	39.608009	-14.202346	3.795655	7.541380
5397	6193.184837	39.585801	-14.227110	3.792605	7.075040
5399	6195.267357	39.600523	-14.263139	3.788704	7.383264
5401	6197.348873	39.511223	-14.296672	3.784990	6.566028
5403	6199.430270	39.569379	-14.360572	3.777209	7.169128
5407	6203.600837	38.939719	-14.303207	3.774340	6.619585
5409	6205.700964	38.630976	-14.216617	3.785288	6.246370
5411	6207.800464	38.739070	-14.237094	3.800854	6.462592
5413	6209.895147	39.017323	-14.418245	3.801200	6.473213
5417	6214.038262	39.445543	-14.550337	3.783050	6.821972
5419	6216.108274	39.204807	-14.543509	3.771232	7.055557
5421	6218.184262	38.994243	-14.533621	3.763184	7.047112
5423	6220.265384	38.588795	-14.498844	3.760309	6.456862
5427	6224.448606	38.475841	-14.471656	3.770970	6.018532
5429	6226.543313	38.309482	-14.488083	3.774021	5.866651
5431	6228.635798	38.385178	-14.532938	3.776189	5.836551
5433	6230.725213	38.373688	-14.581691	3.774495	5.668952
5435	6232.813714	38.358630	-14.611895	3.771640	6.060605
5437	6234.895808	38.393000	-14.646754	3.766421	5.998518
5439	6236.978960	38.368783	-14.670366	3.763222	5.510207
5441	6239.060390	38.470008	-14.697535	3.760772	5.616670
5443	6241.135125	38.422813	-14.718196	3.761054	5.692119
5445	6243.208812	38.427704	-14.760850	3.762938	5.385482
5449	6247.355468	38.220481	-14.822839	3.769932	5.672018
5451	6249.435171	38.051861	-14.821103	3.774746	5.972373
5453	6251.519838	37.753630	-14.876922	3.773728	6.168447
5455	6253.613755	37.451468	-14.814591	3.770947	6.398314
5459	6257.809659	37.248144	-14.801005	3.748926	6.574530
5461	6259.907103	37.261052	-14.813835	3.734425	6.321557
5463	6261.992193	37.646586	-14.837204	3.732962	5.878328
5465	6264.062867	38.095798	-14.843287	3.739318	5.144904
5467	6266.131838	37.949613	-14.967815	3.750362	5.255312
5471	6270.280045	37.504017	-15.027389	3.758473	5.329654
5473	6272.359696	37.318864	-15.089399	3.750117	5.559197
5475	6274.443539	37.235616	-15.089093	3.746352	5.456213
5477	6276.525546	37.104821	-15.102971	3.745299	5.779721
5479	6278.612234	36.986287	-15.096831	3.738244	5.463270
5483	6282.798534	36.703087	-15.011268	3.740455	5.221552
5485	6284.896783	36.609950	-15.026849	3.746941	4.926445
5487	6286.993718	36.594205	-15.109328	3.752877	5.351567
5489	6289.079832	36.740667	-15.230440	3.752176	5.367358
5491	6291.157604	36.946835	-15.284413	3.752835	5.112559
5493	6293.228894	36.910196	-15.295521	3.744435	5.973005
5495	6295.300654	36.870914	-15.304856	3.734847	6.070471
5497	6297.371279	36.746751	-15.305038	3.727445	5.784271
5501	6301.530084	36.473614	-15.336529	3.720802	5.614695
5503	6303.612035	36.311306	-15.393718	3.719186	5.416318
5505	6305.697016	36.250845	-15.387755	3.717640	5.259653
5507	6307.783487	36.151096	-15.395971	3.717223	5.273817
5509	6309.872571	36.073521	-15.376935	3.719946	5.073791
5511	6311.959626	36.019354	-15.416165	3.720578	4.792055
5515	6316.135223	35.999759	-15.451841	3.722417	4.600016
5517	6318.218701	36.018058	-15.453941	3.723816	4.622723
5519	6320.303317	35.985770	-15.476907	3.720719	4.664271
5521	6322.388683	35.879234	-15.522704	3.718677	4.601616
5523	6324.470510	35.906251	-15.544693	3.720208	4.419793
5525	6326.552859	35.804402	-15.554195	3.717642	4.622026
5527	6328.634594	35.899847	-15.577415	3.715712	4.420156
5529	6330.715112	35.759018	-15.619407	3.717051	4.440211
5531	6332.793636	35.633439	-15.662772	3.713341	4.393049
5533	6334.873750	35.656956	-15.647709	3.717335	4.694729
5535	6336.953107	35.522298	-15.688144	3.717293	4.638421
5539	6341.117724	35.314462	-15.716396	3.713327	4.813449
5541	6343.205805	35.236278	-15.725910	3.710626	4.773099
5543	6345.291556	35.108582	-15.735363	3.709071	5.155390
5545	6347.379790	34.948223	-15.740036	3.706820	5.341208
5549	6351.568799	34.695853	-15.718926	3.703577	5.454144
5551	6353.664962	34.606915	-15.725669	3.695278	5.214327
5553	6355.763326	34.629872	-15.702395	3.685141	4.754269
5555	6357.848645	34.791886	-15.746496	3.675582	5.623742
